PC:
    - pc_id: 1
    created_at: '2021-06-18 13:54:33.964567'
    created_by: "Samsung"
    updated_at:  '2021-06-18 13:54:33.964567'
    updated_by: "Jack"
    length: 600
    height: 800
    width: 100
    hddsize: 700
    cpucount: 4
    w_place_id: 1

    - pc_id: 2
    created_at: '2021-06-18 12:37:49.088739'
    created_by: "Asus"
    updated_at:  '2021-06-18 12:37:49.088859'
    updated_by: "Ihor"
    length: 242
    height: 466
    width: 622
    hddsize: 400
    cpucount: 4
    w_place_id: 1


